0 0 9 9 2 | 1 1 1 7 7 7 | .  4  4  .  |  3  3  3  .  |  .  .  .  |  5  5  5  5  .  |  6  6  6  6  .  | .  .  .  .  |  8  8  8  8  |  .  . 
0 1 2 3 4   5 6 7 8 9 10  11 12 13 14    15 16 17 18    19 20 21    22 23 24 25 26    27 28 29 30 31   32 33 34 35    36 37 38 39    40 41
    53          207           100            144                         470              684                             1200
    53          260           360            504                         974              1658                            2858



8 9 0 1 0 1 2 3
7 8 1 2 1 8 7 4
8 7 4 3 0 9 6 5
9 6 5 4 9 8 7 4
4 5 6 7 8 9 0 3
3 2 0 1 9 0 1 2
0 1 3 2 9 8 0 1
1 0 4 5 6 7 3 2

